                                                
 Alfa =   3.00000 Re =   600000.000 Xflap,Yflap =     0.000000    0.000000
#    x        y        Cp  
   1.00000  0.00000  0.21656
   0.99893  0.00006  0.21322
   0.99572  0.00024  0.21007
   0.99039  0.00053  0.20728
   0.98296  0.00096  0.20436
   0.97347  0.00157  0.20105
   0.96194  0.00244  0.19657
   0.94844  0.00368  0.18943
   0.93301  0.00539  0.17842
   0.91573  0.00761  0.16345
   0.89668  0.01035  0.14444
   0.87592  0.01359  0.12178
   0.85355  0.01730  0.09604
   0.82967  0.02149  0.06598
   0.80438  0.02613  0.03139
   0.77779  0.03117 -0.00785
   0.75000  0.03655 -0.05247
   0.72114  0.04216 -0.10037
   0.69134  0.04793 -0.15390
   0.66072  0.05373 -0.20942
   0.62941  0.05947 -0.26916
   0.59755  0.06502 -0.33053
   0.56526  0.07029 -0.39470
   0.53270  0.07515 -0.46031
   0.50000  0.07949 -0.52492
   0.46730  0.08321 -0.59024
   0.43474  0.08620 -0.65042
   0.40245  0.08839 -0.70685
   0.37059  0.08969 -0.75238
   0.33928  0.09007 -0.78858
   0.30866  0.08955 -0.80961
   0.27886  0.08820 -0.82333
   0.25000  0.08611 -0.83178
   0.22221  0.08336 -0.84166
   0.19562  0.07999 -0.84288
   0.17033  0.07607 -0.84652
   0.14645  0.07168 -0.84709
   0.12408  0.06688 -0.85161
   0.10332  0.06171 -0.85795
   0.08427  0.05620 -0.84776
   0.06699  0.05041 -0.84393
   0.05156  0.04442 -0.84670
   0.03806  0.03833 -0.84831
   0.02653  0.03214 -0.86845
   0.01704  0.02561 -0.78696
   0.00961  0.01861 -0.50879
   0.00428  0.01164 -0.15436
   0.00107  0.00539  0.14316
   0.00000  0.00000  0.59022
   0.00107 -0.00539  0.95742
   0.00428 -0.01164  0.98396
   0.00961 -0.01861  0.83877
   0.01704 -0.02561  0.61759
   0.02653 -0.03214  0.44309
   0.03806 -0.03833  0.31455
   0.05156 -0.04442  0.19956
   0.06699 -0.05041  0.10461
   0.08427 -0.05620  0.01588
   0.10332 -0.06171 -0.05877
   0.12408 -0.06688 -0.11883
   0.14645 -0.07168 -0.17195
   0.17033 -0.07607 -0.21841
   0.19562 -0.07999 -0.26613
   0.22221 -0.08336 -0.30168
   0.25000 -0.08611 -0.33053
   0.27886 -0.08820 -0.35841
   0.30866 -0.08955 -0.37993
   0.33928 -0.09007 -0.39276
   0.37059 -0.08969 -0.39407
   0.40245 -0.08839 -0.37953
   0.43474 -0.08620 -0.35558
   0.46730 -0.08321 -0.32713
   0.50000 -0.07949 -0.29093
   0.53270 -0.07515 -0.25216
   0.56526 -0.07029 -0.21151
   0.59755 -0.06502 -0.16891
   0.62941 -0.05947 -0.12768
   0.66072 -0.05373 -0.08640
   0.69134 -0.04793 -0.04655
   0.72114 -0.04216 -0.00682
   0.75000 -0.03655  0.02854
   0.77779 -0.03117  0.06308
   0.80438 -0.02613  0.09357
   0.82967 -0.02149  0.12070
   0.85355 -0.01730  0.14464
   0.87592 -0.01359  0.16478
   0.89668 -0.01035  0.18330
   0.91573 -0.00761  0.19879
   0.93301 -0.00539  0.21006
   0.94844 -0.00368  0.21653
   0.96194 -0.00244  0.21759
   0.97347 -0.00157  0.21483
   0.98296 -0.00096  0.21104
   0.99039 -0.00053  0.20788
   0.99572 -0.00024  0.20664
   0.99893 -0.00006  0.20927
   1.00000  0.00000  0.21656
