#    s        x        y     Ue/Vinf    Dstar     Theta      Cf       H
   0.00000  1.00000  0.00000  0.88517  0.012245  0.006458  0.001000     1.896
   0.00107  0.99893  0.00006  0.88706  0.012072  0.006405  0.001025     1.885
   0.00429  0.99572  0.00024  0.88883  0.011945  0.006353  0.001040     1.880
   0.00962  0.99039  0.00053  0.89039  0.011870  0.006306  0.001042     1.882
   0.01707  0.98296  0.00096  0.89203  0.011819  0.006257  0.001035     1.889
   0.02658  0.97347  0.00157  0.89389  0.011780  0.006200  0.001022     1.900
   0.03814  0.96194  0.00244  0.89638  0.011712  0.006126  0.001009     1.912
   0.05170  0.94844  0.00368  0.90036  0.011535  0.006013  0.001011     1.919
   0.06722  0.93301  0.00539  0.90644  0.011197  0.005847  0.001037     1.915
   0.08464  0.91573  0.00761  0.91466  0.010717  0.005633  0.001088     1.902
   0.10389  0.89668  0.01035  0.92499  0.010124  0.005380  0.001166     1.882
   0.12490  0.87592  0.01359  0.93715  0.009472  0.005101  0.001264     1.857
   0.14758  0.85355  0.01730  0.95078  0.008807  0.004810  0.001378     1.831
   0.17182  0.82967  0.02149  0.96645  0.008111  0.004501  0.001518     1.802
   0.19753  0.80438  0.02613  0.98418  0.007406  0.004181  0.001688     1.771
   0.22460  0.77779  0.03117  1.00392  0.006711  0.003858  0.001888     1.739
   0.25290  0.75000  0.03655  1.02590  0.006031  0.003533  0.002126     1.707
   0.28230  0.72114  0.04216  1.04899  0.005412  0.003226  0.002384     1.678
   0.31266  0.69134  0.04793  1.07422  0.004822  0.002925  0.002686     1.649
   0.34382  0.66072  0.05373  1.09978  0.004305  0.002650  0.003000     1.625
   0.37565  0.62941  0.05947  1.12663  0.003829  0.002390  0.003351     1.602
   0.40799  0.59755  0.06502  1.15358  0.003410  0.002154  0.003718     1.583
   0.44071  0.56526  0.07029  1.18110  0.003029  0.001935  0.004120     1.566
   0.47363  0.53270  0.07515  1.20860  0.002689  0.001735  0.004550     1.550
   0.50662  0.50000  0.07949  1.23510  0.002392  0.001557  0.004992     1.537
   0.53953  0.46730  0.08321  1.26132  0.002121  0.001392  0.005478     1.524
   0.57222  0.43474  0.08620  1.28501  0.001889  0.001249  0.005957     1.513
   0.60459  0.40245  0.08839  1.30684  0.001681  0.001119  0.006461     1.503
   0.63647  0.37059  0.08969  1.32419  0.001508  0.001008  0.006916     1.496
   0.66779  0.33928  0.09007  1.33783  0.001357  0.000911  0.007345     1.490
   0.69841  0.30866  0.08955  1.34569  0.001235  0.000829  0.007658     1.490
   0.72824  0.27886  0.08820  1.35079  0.001126  0.000755  0.007934     1.492
   0.75718  0.25000  0.08611  1.35393  0.001024  0.000685  0.008185     1.495
   0.78510  0.22221  0.08336  1.35759  0.000921  0.000615  0.008513     1.497
   0.81191  0.19562  0.07999  1.35804  0.000831  0.000552  0.008719     1.507
   0.83750  0.17033  0.07607  1.35938  0.000747  0.000489  0.008833     1.527
   0.86178  0.14645  0.07168  1.35959  0.000676  0.000431  0.008741     1.568
   0.88466  0.12408  0.06688  1.36126  0.000609  0.000373  0.009368     1.631
   0.90605  0.10332  0.06171  1.36359  0.000529  0.000314  0.010463     1.685
   0.92588  0.08427  0.05620  1.35984  0.000460  0.000259  0.011275     1.780
   0.94411  0.06699  0.05041  1.35843  0.000436  0.000209  0.009436     2.091
   0.96066  0.05156  0.04442  1.35945  0.000446  0.000174  0.005865     2.566
   0.97547  0.03806  0.03833  1.36004  0.000394  0.000149  0.006152     2.635
   0.98856  0.02653  0.03214  1.36745  0.000308  0.000120  0.008611     2.560
   1.00007  0.01704  0.02561  1.33722  0.000225  0.000095  0.014235     2.356
   1.01028  0.00961  0.01861  1.22853  0.000191  0.000082  0.015546     2.343
   1.01906  0.00428  0.01164  1.07443  0.000159  0.000070  0.017484     2.267
   1.02608  0.00107  0.00539  0.92568  0.000129  0.000052  0.015410     2.459
   1.03158  0.00000  0.00000  0.64067  0.000084  0.000039  0.021017     2.189
   1.03707  0.00107 -0.00539  0.21063  0.000120  0.000054  0.004702     2.230
   1.04410  0.00428 -0.01164 -0.13390  0.000120  0.000054  0.002989     2.230
   1.05287  0.00961 -0.01861 -0.40324  0.000170  0.000074  0.005970     2.296
   1.06308  0.01704 -0.02561 -0.61900  0.000182  0.000082  0.009229     2.215
   1.07460  0.02653 -0.03214 -0.74652  0.000253  0.000105  0.006595     2.417
   1.08769  0.03806 -0.03833 -0.82804  0.000289  0.000126  0.007194     2.300
   1.10250  0.05156 -0.04442 -0.89472  0.000347  0.000146  0.006027     2.376
   1.11905  0.06699 -0.05041 -0.94626  0.000374  0.000172  0.007153     2.170
   1.13727  0.08427 -0.05620 -0.99203  0.000409  0.000210  0.008208     1.947
   1.15711  0.10332 -0.06171 -1.02897  0.000472  0.000255  0.007888     1.853
   1.17850  0.12408 -0.06688 -1.05776  0.000539  0.000301  0.007406     1.792
   1.20138  0.14645 -0.07168 -1.08259  0.000594  0.000346  0.007210     1.720
   1.22566  0.17033 -0.07607 -1.10386  0.000650  0.000391  0.006964     1.662
   1.25125  0.19562 -0.07999 -1.12528  0.000697  0.000434  0.006856     1.606
   1.27805  0.22221 -0.08336 -1.14099  0.000752  0.000481  0.006598     1.563
   1.30598  0.25000 -0.08611 -1.15358  0.000810  0.000531  0.006554     1.526
   1.33492  0.27886 -0.08820 -1.16561  0.000876  0.000582  0.006671     1.505
   1.36475  0.30866 -0.08955 -1.17483  0.000953  0.000638  0.006652     1.494
   1.39537  0.33928 -0.09007 -1.18028  0.001044  0.000700  0.006509     1.492
   1.42668  0.37059 -0.08969 -1.18084  0.001151  0.000770  0.006278     1.494
   1.45857  0.40245 -0.08839 -1.17465  0.001283  0.000856  0.005940     1.500
   1.49093  0.43474 -0.08620 -1.16440  0.001433  0.000952  0.005594     1.506
   1.52363  0.46730 -0.08321 -1.15210  0.001592  0.001055  0.005278     1.509
   1.55654  0.50000 -0.07949 -1.13626  0.001777  0.001173  0.004929     1.515
   1.58953  0.53270 -0.07515 -1.11906  0.001978  0.001301  0.004601     1.520
   1.62245  0.56526 -0.07029 -1.10073  0.002198  0.001440  0.004287     1.526
   1.65517  0.59755 -0.06502 -1.08119  0.002443  0.001592  0.003975     1.534
   1.68751  0.62941 -0.05947 -1.06194  0.002702  0.001752  0.003694     1.542
   1.71934  0.66072 -0.05373 -1.04231  0.002985  0.001925  0.003422     1.551
   1.75050  0.69134 -0.04793 -1.02301  0.003288  0.002107  0.003169     1.561
   1.78086  0.72114 -0.04216 -1.00341  0.003626  0.002303  0.002919     1.574
   1.81026  0.75000 -0.03655 -0.98563  0.003959  0.002498  0.002712     1.585
   1.83856  0.77779 -0.03117 -0.96795  0.004325  0.002706  0.002508     1.598
   1.86562  0.80438 -0.02613 -0.95208  0.004682  0.002908  0.002340     1.610
   1.89134  0.82967 -0.02149 -0.93772  0.005032  0.003106  0.002196     1.620
   1.91558  0.85355 -0.01730 -0.92488  0.005368  0.003295  0.002076     1.629
   1.93826  0.87592 -0.01359 -0.91393  0.005671  0.003468  0.001983     1.635
   1.95927  0.89668 -0.01035 -0.90375  0.005973  0.003637  0.001896     1.642
   1.97851  0.91573 -0.00761 -0.89515  0.006238  0.003789  0.001829     1.646
   1.99594  0.93301 -0.00539 -0.88883  0.006431  0.003908  0.001793     1.646
   2.01146  0.94844 -0.00368 -0.88519  0.006526  0.003984  0.001794     1.638
   2.02502  0.96194 -0.00244 -0.88459  0.006506  0.004010  0.001836     1.622
   2.03658  0.97347 -0.00157 -0.88615  0.006409  0.003998  0.001906     1.603
   2.04609  0.98296 -0.00096 -0.88828  0.006302  0.003975  0.001975     1.585
   2.05353  0.99039 -0.00053 -0.89006  0.006219  0.003957  0.002031     1.572
   2.05887  0.99572 -0.00024 -0.89075  0.006184  0.003952  0.002060     1.565
   2.06209  0.99893 -0.00006 -0.88928  0.006232  0.003980  0.002045     1.566
   2.06316  1.00000  0.00000 -0.88517  0.006385  0.004048  0.001979     1.578
   2.06316  1.00010  0.00000  0.88517  0.018630  0.010506  0.000000     1.773
   2.06423  1.00117  0.00000  0.88808  0.018215  0.010377  0.000000     1.755
   2.06598  1.00292  0.00000  0.88993  0.017932  0.010297  0.000000     1.742
   2.06884  1.00578  0.00001  0.89234  0.017565  0.010194  0.000000     1.723
   2.07352  1.01046  0.00003  0.89567  0.017065  0.010054  0.000000     1.697
   2.08116  1.01810  0.00006  0.90050  0.016374  0.009857  0.000000     1.661
   2.09365  1.03059  0.00014  0.90748  0.015445  0.009585  0.000000     1.611
   2.11406  1.05100  0.00030  0.91720  0.014271  0.009227  0.000000     1.547
   2.14742  1.08436  0.00064  0.92980  0.012919  0.008797  0.000000     1.469
   2.20193  1.13886  0.00134  0.94441  0.011521  0.008340  0.000000     1.381
   2.29100  1.22792  0.00280  0.95934  0.010221  0.007916  0.000000     1.291
   2.43656  1.37345  0.00578  0.97278  0.009125  0.007567  0.000000     1.206
   2.67443  1.61125  0.01178  0.98347  0.008291  0.007309  0.000000     1.134
   3.06316  1.99980  0.02354  0.99135  0.007720  0.007131  0.000000     1.083
